 Nx          20 Ny          20
 TIME   1.00618450E-03
   2.50000012E-05   3.32587690E-04
   7.50000036E-05   3.32587690E-04
   1.25000006E-04   1.01266115E-03
   1.75000008E-04   2.79840175E-03
   2.25000011E-04   6.43329928E-03
   2.74999999E-04   1.27046630E-02
   3.25000030E-04   2.21514571E-02
   3.75000003E-04   3.48190330E-02
   4.25000035E-04   5.02532907E-02
   4.75000008E-04   6.79635853E-02
   5.25000039E-04   8.83539841E-02
   5.75000013E-04  0.112820856    
   6.25000044E-04  0.143561229    
   6.75000076E-04  0.183380529    
   7.25000049E-04  0.235190839    
   7.75000022E-04  0.300643444    
   8.25000054E-04  0.377087921    
   8.75000085E-04  0.453056544    
   9.25000058E-04  0.505134940    
   9.75000032E-04  0.505134940    
 Nx          40 Ny          40
 TIME   1.00154313E-03
   1.25000006E-05   2.15992281E-06
   3.75000018E-05   8.87105489E-06
   6.25000030E-05   7.08081861E-05
   8.75000042E-05   2.07974692E-04
   1.12500005E-04   2.94910045E-04
   1.37499999E-04   2.41651534E-04
   1.62500015E-04   1.27900130E-04
   1.87500002E-04   4.67273749E-05
   2.12500017E-04   1.26172408E-05
   2.37500004E-04   3.71108899E-06
   2.62500020E-04   0.00000000    
   2.87500006E-04   0.00000000    
   3.12500022E-04   0.00000000    
   3.37500038E-04   0.00000000    
   3.62500024E-04   0.00000000    
   3.87500011E-04   0.00000000    
   4.12500027E-04   0.00000000    
   4.37500043E-04   0.00000000    
   4.62500029E-04   0.00000000    
   4.87500016E-04   0.00000000    
   5.12500003E-04   0.00000000    
   5.37500018E-04   0.00000000    
   5.62499976E-04   0.00000000    
   5.87499992E-04   0.00000000    
   6.12500007E-04   0.00000000    
   6.37500023E-04   0.00000000    
   6.62500039E-04   0.00000000    
   6.87499996E-04   0.00000000    
   7.12500012E-04   0.00000000    
   7.37500028E-04   0.00000000    
   7.62499985E-04   0.00000000    
   7.87500001E-04   0.00000000    
   8.12500017E-04   0.00000000    
   8.37500033E-04   0.00000000    
   8.62500048E-04   0.00000000    
   8.87500006E-04   0.00000000    
   9.12500022E-04   4.79244075E-43
   9.37500037E-04   0.00000000    
   9.62499995E-04   0.00000000    
   9.87500069E-04   0.00000000    
 Nx          60 Ny          60
 TIME   1.00632280E-03
   8.33333343E-06   0.00000000    
   2.50000012E-05   0.00000000    
   4.16666662E-05   0.00000000    
   5.83333349E-05   0.00000000    
   7.50000036E-05   0.00000000    
   9.16666686E-05   0.00000000    
   1.08333341E-04   0.00000000    
   1.25000006E-04   0.00000000    
   1.41666664E-04   0.00000000    
   1.58333336E-04   0.00000000    
   1.74999994E-04   0.00000000    
   1.91666666E-04   0.00000000    
   2.08333338E-04   0.00000000    
   2.24999996E-04   0.00000000    
   2.41666668E-04   0.00000000    
   2.58333341E-04   0.00000000    
   2.74999999E-04   0.00000000    
   2.91666656E-04   0.00000000    
   3.08333343E-04   0.00000000    
   3.25000001E-04   0.00000000    
   3.41666659E-04   0.00000000    
   3.58333346E-04   0.00000000    
   3.75000003E-04   0.00000000    
   3.91666661E-04   0.00000000    
   4.08333348E-04   0.00000000    
   4.25000006E-04   0.00000000    
   4.41666663E-04   0.00000000    
   4.58333321E-04   0.00000000    
   4.75000008E-04   0.00000000    
   4.91666666E-04   0.00000000    
   5.08333382E-04   0.00000000    
   5.25000039E-04   0.00000000    
   5.41666697E-04   0.00000000    
   5.58333355E-04   0.00000000    
   5.75000013E-04   0.00000000    
   5.91666671E-04   0.00000000    
   6.08333386E-04   0.00000000    
   6.25000044E-04   0.00000000    
   6.41666702E-04   0.00000000    
   6.58333360E-04   0.00000000    
   6.75000018E-04   0.00000000    
   6.91666675E-04   0.00000000    
   7.08333391E-04   0.00000000    
   7.25000049E-04   0.00000000    
   7.41666707E-04   0.00000000    
   7.58333365E-04   0.00000000    
   7.75000022E-04   0.00000000    
   7.91666680E-04   0.00000000    
   8.08333396E-04   0.00000000    
   8.25000054E-04   0.00000000    
   8.41666711E-04   0.00000000    
   8.58333369E-04   0.00000000    
   8.75000027E-04   0.00000000    
   8.91666685E-04   0.00000000    
   9.08333343E-04   0.00000000    
   9.25000058E-04   0.00000000    
   9.41666716E-04   0.00000000    
   9.58333374E-04   0.00000000    
   9.75000032E-04   0.00000000    
   9.91666690E-04   0.00000000    
 Nx          80 Ny          80
 TIME   1.01496861E-03
   6.25000030E-06   0.00000000    
   1.87500009E-05   0.00000000    
   3.12500015E-05   0.00000000    
   4.37500021E-05   0.00000000    
   5.62500027E-05   0.00000000    
   6.87499996E-05   0.00000000    
   8.12500075E-05   0.00000000    
   9.37500008E-05   0.00000000    
   1.06250009E-04   0.00000000    
   1.18750002E-04   0.00000000    
   1.31250010E-04   0.00000000    
   1.43750003E-04   0.00000000    
   1.56250011E-04   0.00000000    
   1.68750019E-04   0.00000000    
   1.81250012E-04   0.00000000    
   1.93750006E-04   0.00000000    
   2.06250013E-04   0.00000000    
   2.18750021E-04   0.00000000    
   2.31250015E-04   0.00000000    
   2.43750008E-04   0.00000000    
   2.56250001E-04   0.00000000    
   2.68750009E-04   0.00000000    
   2.81249988E-04   0.00000000    
   2.93749996E-04   0.00000000    
   3.06250004E-04   0.00000000    
   3.18750012E-04   0.00000000    
   3.31250019E-04   0.00000000    
   3.43749998E-04   0.00000000    
   3.56250006E-04   0.00000000    
   3.68750014E-04   0.00000000    
   3.81249993E-04   0.00000000    
   3.93750001E-04   0.00000000    
   4.06250008E-04   0.00000000    
   4.18750016E-04   0.00000000    
   4.31250024E-04   0.00000000    
   4.43750003E-04   0.00000000    
   4.56250011E-04   0.00000000    
   4.68750019E-04   0.00000000    
   4.81249997E-04   0.00000000    
   4.93750034E-04   0.00000000    
   5.06250013E-04   0.00000000    
   5.18749992E-04   0.00000000    
   5.31250029E-04   0.00000000    
   5.43750008E-04   0.00000000    
   5.56249986E-04   0.00000000    
   5.68750023E-04   0.00000000    
   5.81250002E-04   0.00000000    
   5.93750039E-04   0.00000000    
   6.06250018E-04   0.00000000    
   6.18749997E-04   0.00000000    
   6.31250034E-04   0.00000000    
   6.43750012E-04   0.00000000    
   6.56250049E-04   0.00000000    
   6.68750028E-04   0.00000000    
   6.81250007E-04   0.00000000    
   6.93750044E-04   0.00000000    
   7.06250023E-04   0.00000000    
   7.18750001E-04   0.00000000    
   7.31250038E-04   0.00000000    
   7.43750017E-04   0.00000000    
   7.56249996E-04   0.00000000    
   7.68750033E-04   0.00000000    
   7.81250012E-04   0.00000000    
   7.93750049E-04   0.00000000    
   8.06250027E-04   0.00000000    
   8.18750006E-04   0.00000000    
   8.31250043E-04   0.00000000    
   8.43750022E-04   0.00000000    
   8.56250059E-04   0.00000000    
   8.68750038E-04   0.00000000    
   8.81250016E-04   0.00000000    
   8.93750053E-04   0.00000000    
   9.06250032E-04   0.00000000    
   9.18750011E-04   4.79244075E-43
   9.31250048E-04   0.00000000    
   9.43750027E-04   0.00000000    
   9.56250005E-04   0.00000000    
   9.68750042E-04   0.00000000    
   9.81250079E-04   0.00000000    
   9.93750058E-04   0.00000000    
 Nx         100 Ny         100
 TIME   1.03690557E-03
   5.00000033E-06   0.00000000    
   1.50000014E-05   0.00000000    
   2.50000012E-05   0.00000000    
   3.50000046E-05   0.00000000    
   4.50000043E-05   0.00000000    
   5.50000041E-05   0.00000000    
   6.50000075E-05   0.00000000    
   7.50000036E-05   0.00000000    
   8.50000069E-05   0.00000000    
   9.50000103E-05   0.00000000    
   1.05000006E-04   0.00000000    
   1.15000010E-04   0.00000000    
   1.25000006E-04   0.00000000    
   1.35000009E-04   0.00000000    
   1.44999998E-04   0.00000000    
   1.55000002E-04   0.00000000    
   1.65000005E-04   0.00000000    
   1.75000008E-04   0.00000000    
   1.85000012E-04   0.00000000    
   1.95000001E-04   0.00000000    
   2.05000004E-04   0.00000000    
   2.15000007E-04   0.00000000    
   2.25000011E-04   0.00000000    
   2.35000014E-04   0.00000000    
   2.45000032E-04   0.00000000    
   2.55000021E-04   0.00000000    
   2.65000039E-04   0.00000000    
   2.75000028E-04   0.00000000    
   2.85000016E-04   0.00000000    
   2.95000034E-04   0.00000000    
   3.05000023E-04   0.00000000    
   3.15000041E-04   0.00000000    
   3.25000030E-04   0.00000000    
   3.35000019E-04   0.00000000    
   3.45000037E-04   0.00000000    
   3.55000026E-04   0.00000000    
   3.65000044E-04   0.00000000    
   3.75000032E-04   0.00000000    
   3.85000021E-04   0.00000000    
   3.95000039E-04   0.00000000    
   4.05000028E-04   0.00000000    
   4.15000046E-04   0.00000000    
   4.25000035E-04   0.00000000    
   4.35000024E-04   0.00000000    
   4.45000042E-04   0.00000000    
   4.55000030E-04   0.00000000    
   4.65000048E-04   0.00000000    
   4.75000037E-04   0.00000000    
   4.85000055E-04   0.00000000    
   4.94999986E-04   0.00000000    
   5.05000004E-04   0.00000000    
   5.15000022E-04   0.00000000    
   5.25000039E-04   0.00000000    
   5.34999999E-04   0.00000000    
   5.45000017E-04   0.00000000    
   5.55000035E-04   0.00000000    
   5.64999995E-04   0.00000000    
   5.75000013E-04   0.00000000    
   5.85000031E-04   0.00000000    
   5.94999990E-04   0.00000000    
   6.05000008E-04   0.00000000    
   6.15000026E-04   0.00000000    
   6.25000044E-04   0.00000000    
   6.35000004E-04   0.00000000    
   6.45000022E-04   0.00000000    
   6.55000040E-04   0.00000000    
   6.65000000E-04   0.00000000    
   6.75000018E-04   0.00000000    
   6.85000035E-04   0.00000000    
   6.95000053E-04   0.00000000    
   7.05000013E-04   0.00000000    
   7.15000031E-04   0.00000000    
   7.25000049E-04   0.00000000    
   7.35000009E-04   0.00000000    
   7.45000027E-04   0.00000000    
   7.55000045E-04   0.00000000    
   7.65000004E-04   0.00000000    
   7.75000022E-04   0.00000000    
   7.85000040E-04   0.00000000    
   7.95000058E-04   0.00000000    
   8.05000018E-04   0.00000000    
   8.15000036E-04   0.00000000    
   8.25000054E-04   0.00000000    
   8.35000013E-04   0.00000000    
   8.45000031E-04   0.00000000    
   8.55000049E-04   0.00000000    
   8.65000009E-04   0.00000000    
   8.75000027E-04   0.00000000    
   8.85000045E-04   0.00000000    
   8.95000063E-04   0.00000000    
   9.05000023E-04   0.00000000    
   9.15000041E-04   0.00000000    
   9.25000058E-04   0.00000000    
   9.35000018E-04   0.00000000    
   9.45000036E-04   0.00000000    
   9.55000054E-04   0.00000000    
   9.65000072E-04   0.00000000    
   9.75000032E-04   0.00000000    
   9.85000050E-04   0.00000000    
   9.95000126E-04   0.00000000    
